statefips	abbrev	year	table_age	age	totalpop
1	AL	1960	< 1	0	79201
1	AL	1960	1	1	78435
1	AL	1960	2	2	77436
1	AL	1960	3	3	78261
1	AL	1960	4	4	77070
1	AL	1960	5	5	77380
1	AL	1960	6	6	74552
1	AL	1960	7	7	73984
1	AL	1960	8	8	71488
1	AL	1960	9	9	70454
1	AL	1960	10	10	71897
1	AL	1960	11	11	72024
1	AL	1960	12	12	74642
1	AL	1960	13	13	72424
1	AL	1960	14	14	59304
1	AL	1960	15	15	60623
1	AL	1960	16	16	60638
1	AL	1960	17	17	60204
1	AL	1960	18	18	51787
1	AL	1960	19	19	46229
1	AL	1960	20	20	44329
1	AL	1960	>21	21	1834378
2	AK	1960	< 1	0	7101
2	AK	1960	1	1	7064
2	AK	1960	2	2	6933
2	AK	1960	3	3	6739
2	AK	1960	4	4	6356
2	AK	1960	5	5	6040
2	AK	1960	6	6	5783
2	AK	1960	7	7	5367
2	AK	1960	8	8	4821
2	AK	1960	9	9	4578
2	AK	1960	10	10	4456
2	AK	1960	11	11	4329
2	AK	1960	12	12	3985
2	AK	1960	13	13	3857
2	AK	1960	14	14	2894
2	AK	1960	15	15	2927
2	AK	1960	16	16	2920
2	AK	1960	17	17	2746
2	AK	1960	18	18	3596
2	AK	1960	19	19	5010
2	AK	1960	20	20	5034
2	AK	1960	>21	21	123631
4	AZ	1960	< 1	0	34599
4	AZ	1960	1	1	33544
4	AZ	1960	2	2	33630
4	AZ	1960	3	3	32811
4	AZ	1960	4	4	32382
4	AZ	1960	5	5	32148
4	AZ	1960	6	6	31230
4	AZ	1960	7	7	30899
4	AZ	1960	8	8	29446
4	AZ	1960	9	9	28546
4	AZ	1960	10	10	28105
4	AZ	1960	11	11	28096
4	AZ	1960	12	12	28220
4	AZ	1960	13	13	27323
4	AZ	1960	14	14	21817
4	AZ	1960	15	15	21718
4	AZ	1960	16	16	21992
4	AZ	1960	17	17	20923
4	AZ	1960	18	18	18782
4	AZ	1960	19	19	17261
4	AZ	1960	20	20	17007
4	AZ	1960	>21	21	731682
5	AR	1960	< 1	0	39408
5	AR	1960	1	1	39008
5	AR	1960	2	2	38727
5	AR	1960	3	3	38797
5	AR	1960	4	4	38503
5	AR	1960	5	5	38915
5	AR	1960	6	6	38364
5	AR	1960	7	7	37835
5	AR	1960	8	8	36919
5	AR	1960	9	9	36080
5	AR	1960	10	10	37588
5	AR	1960	11	11	38241
5	AR	1960	12	12	39214
5	AR	1960	13	13	39265
5	AR	1960	14	14	32795
5	AR	1960	15	15	33415
5	AR	1960	16	16	33177
5	AR	1960	17	17	32572
5	AR	1960	18	18	28091
5	AR	1960	19	19	23900
5	AR	1960	20	20	22189
5	AR	1960	>21	21	1043269
6	CA	1960	< 1	0	352989
6	CA	1960	1	1	351267
6	CA	1960	2	2	352544
6	CA	1960	3	3	345731
6	CA	1960	4	4	343268
6	CA	1960	5	5	336816
6	CA	1960	6	6	330282
6	CA	1960	7	7	325078
6	CA	1960	8	8	309134
6	CA	1960	9	9	298842
6	CA	1960	10	10	298454
6	CA	1960	11	11	294794
6	CA	1960	12	12	300281
6	CA	1960	13	13	294951
6	CA	1960	14	14	229264
6	CA	1960	15	15	227488
6	CA	1960	16	16	225157
6	CA	1960	17	17	233147
6	CA	1960	18	18	211304
6	CA	1960	19	19	198926
6	CA	1960	20	20	197309
6	CA	1960	>21	21	9660178
8	CO	1960	< 1	0	42560
8	CO	1960	1	1	41927
8	CO	1960	2	2	41966
8	CO	1960	3	3	41518
8	CO	1960	4	4	41137
8	CO	1960	5	5	40665
8	CO	1960	6	6	39870
8	CO	1960	7	7	39278
8	CO	1960	8	8	37629
8	CO	1960	9	9	35762
8	CO	1960	10	10	35549
8	CO	1960	11	11	34843
8	CO	1960	12	12	35168
8	CO	1960	13	13	34706
8	CO	1960	14	14	26480
8	CO	1960	15	15	26750
8	CO	1960	16	16	26873
8	CO	1960	17	17	26458
8	CO	1960	18	18	26468
8	CO	1960	19	19	24177
8	CO	1960	20	20	22900
8	CO	1960	>21	21	1031263
9	CT	1960	< 1	0	55389
9	CT	1960	1	1	56635
9	CT	1960	2	2	56677
9	CT	1960	3	3	54708
9	CT	1960	4	4	54879
9	CT	1960	5	5	53212
9	CT	1960	6	6	51180
9	CT	1960	7	7	50535
9	CT	1960	8	8	48198
9	CT	1960	9	9	44650
9	CT	1960	10	10	44792
9	CT	1960	11	11	45591
9	CT	1960	12	12	47100
9	CT	1960	13	13	47347
9	CT	1960	14	14	36381
9	CT	1960	15	15	36214
9	CT	1960	16	16	37892
9	CT	1960	17	17	39135
9	CT	1960	18	18	30591
9	CT	1960	19	19	26579
9	CT	1960	20	20	26088
9	CT	1960	>21	21	1591461
10	DE	1960	< 1	0	11246
10	DE	1960	1	1	11274
10	DE	1960	2	2	11322
10	DE	1960	3	3	10917
10	DE	1960	4	4	10648
10	DE	1960	5	5	10455
10	DE	1960	6	6	9868
10	DE	1960	7	7	9757
10	DE	1960	8	8	9124
10	DE	1960	9	9	8679
10	DE	1960	10	10	8289
10	DE	1960	11	11	8538
10	DE	1960	12	12	8608
10	DE	1960	13	13	8377
10	DE	1960	14	14	6466
10	DE	1960	15	15	6586
10	DE	1960	16	16	6387
10	DE	1960	17	17	6498
10	DE	1960	18	18	5609
10	DE	1960	19	19	5119
10	DE	1960	20	20	5276
10	DE	1960	>21	21	267249
11	DC	1960	< 1	0	17035
11	DC	1960	1	1	16262
11	DC	1960	2	2	15590
11	DC	1960	3	3	14671
11	DC	1960	4	4	14577
11	DC	1960	5	5	13900
11	DC	1960	6	6	13178
11	DC	1960	7	7	12706
11	DC	1960	8	8	11762
11	DC	1960	9	9	11804
11	DC	1960	10	10	11327
11	DC	1960	11	11	11233
11	DC	1960	12	12	11070
11	DC	1960	13	13	10217
11	DC	1960	14	14	8280
11	DC	1960	15	15	8372
11	DC	1960	16	16	8425
11	DC	1960	17	17	9166
11	DC	1960	18	18	11561
11	DC	1960	19	19	11898
11	DC	1960	20	20	11792
11	DC	1960	>21	21	509110
12	FL	1960	< 1	0	110634
12	FL	1960	1	1	109378
12	FL	1960	2	2	108390
12	FL	1960	3	3	106915
12	FL	1960	4	4	105784
12	FL	1960	5	5	103974
12	FL	1960	6	6	101387
12	FL	1960	7	7	99246
12	FL	1960	8	8	94934
12	FL	1960	9	9	90989
12	FL	1960	10	10	89872
12	FL	1960	11	11	90220
12	FL	1960	12	12	91954
12	FL	1960	13	13	90265
12	FL	1960	14	14	72872
12	FL	1960	15	15	72501
12	FL	1960	16	16	72036
12	FL	1960	17	17	69923
12	FL	1960	18	18	63048
12	FL	1960	19	19	59979
12	FL	1960	20	20	59560
12	FL	1960	>21	21	3087699
13	GA	1960	< 1	0	96551
13	GA	1960	1	1	94846
13	GA	1960	2	2	94035
13	GA	1960	3	3	93866
13	GA	1960	4	4	92603
13	GA	1960	5	5	92568
13	GA	1960	6	6	89462
13	GA	1960	7	7	89159
13	GA	1960	8	8	85206
13	GA	1960	9	9	83803
13	GA	1960	10	10	85413
13	GA	1960	11	11	84693
13	GA	1960	12	12	87950
13	GA	1960	13	13	84766
13	GA	1960	14	14	68828
13	GA	1960	15	15	70015
13	GA	1960	16	16	68997
13	GA	1960	17	17	70383
13	GA	1960	18	18	63670
13	GA	1960	19	19	58489
13	GA	1960	20	20	56438
13	GA	1960	>21	21	2231375
15	HI	1960	< 1	0	16854
15	HI	1960	1	1	16243
15	HI	1960	2	2	16100
15	HI	1960	3	3	15828
15	HI	1960	4	4	15937
15	HI	1960	5	5	15614
15	HI	1960	6	6	14943
15	HI	1960	7	7	14947
15	HI	1960	8	8	14016
15	HI	1960	9	9	13258
15	HI	1960	10	10	13295
15	HI	1960	11	11	13345
15	HI	1960	12	12	13239
15	HI	1960	13	13	12664
15	HI	1960	14	14	11475
15	HI	1960	15	15	11690
15	HI	1960	16	16	11194
15	HI	1960	17	17	10271
15	HI	1960	18	18	10105
15	HI	1960	19	19	11561
15	HI	1960	20	20	11863
15	HI	1960	>21	21	348330
16	ID	1960	< 1	0	16631
16	ID	1960	1	1	16470
16	ID	1960	2	2	16386
16	ID	1960	3	3	16342
16	ID	1960	4	4	16343
16	ID	1960	5	5	16380
16	ID	1960	6	6	16259
16	ID	1960	7	7	15994
16	ID	1960	8	8	15456
16	ID	1960	9	9	14567
16	ID	1960	10	10	14763
16	ID	1960	11	11	14839
16	ID	1960	12	12	14932
16	ID	1960	13	13	14437
16	ID	1960	14	14	11650
16	ID	1960	15	15	12004
16	ID	1960	16	16	12511
16	ID	1960	17	17	11920
16	ID	1960	18	18	9934
16	ID	1960	19	19	8819
16	ID	1960	20	20	8070
16	ID	1960	>21	21	372484
17	IL	1960	< 1	0	231519
17	IL	1960	1	1	229552
17	IL	1960	2	2	229187
17	IL	1960	3	3	221138
17	IL	1960	4	4	218850
17	IL	1960	5	5	215693
17	IL	1960	6	6	204453
17	IL	1960	7	7	202344
17	IL	1960	8	8	195680
17	IL	1960	9	9	184632
17	IL	1960	10	10	182754
17	IL	1960	11	11	179927
17	IL	1960	12	12	185622
17	IL	1960	13	13	181132
17	IL	1960	14	14	138935
17	IL	1960	15	15	138002
17	IL	1960	16	16	145353
17	IL	1960	17	17	154200
17	IL	1960	18	18	133303
17	IL	1960	19	19	115705
17	IL	1960	20	20	112540
17	IL	1960	>21	21	6280637
18	IN	1960	< 1	0	108810
18	IN	1960	1	1	109698
18	IN	1960	2	2	110305
18	IN	1960	3	3	107543
18	IN	1960	4	4	106594
18	IN	1960	5	5	106046
18	IN	1960	6	6	102364
18	IN	1960	7	7	101590
18	IN	1960	8	8	97837
18	IN	1960	9	9	91556
18	IN	1960	10	10	92262
18	IN	1960	11	11	91547
18	IN	1960	12	12	93373
18	IN	1960	13	13	92122
18	IN	1960	14	14	69921
18	IN	1960	15	15	71491
18	IN	1960	16	16	72207
18	IN	1960	17	17	74098
18	IN	1960	18	18	67386
18	IN	1960	19	19	60175
18	IN	1960	20	20	57649
18	IN	1960	>21	21	2777924
19	IA	1960	< 1	0	62539
19	IA	1960	1	1	61638
19	IA	1960	2	2	61814
19	IA	1960	3	3	60313
19	IA	1960	4	4	60910
19	IA	1960	5	5	59774
19	IA	1960	6	6	58766
19	IA	1960	7	7	58625
19	IA	1960	8	8	58823
19	IA	1960	9	9	55831
19	IA	1960	10	10	54527
19	IA	1960	11	11	53352
19	IA	1960	12	12	55566
19	IA	1960	13	13	53872
19	IA	1960	14	14	41502
19	IA	1960	15	15	42394
19	IA	1960	16	16	43287
19	IA	1960	17	17	43735
19	IA	1960	18	18	39059
19	IA	1960	19	19	34465
19	IA	1960	20	20	32374
19	IA	1960	>21	21	1664371
20	KS	1960	< 1	0	49651
20	KS	1960	1	1	49201
20	KS	1960	2	2	49568
20	KS	1960	3	3	48903
20	KS	1960	4	4	48799
20	KS	1960	5	5	48497
20	KS	1960	6	6	46970
20	KS	1960	7	7	46036
20	KS	1960	8	8	44545
20	KS	1960	9	9	42111
20	KS	1960	10	10	41201
20	KS	1960	11	11	40987
20	KS	1960	12	12	42245
20	KS	1960	13	13	41539
20	KS	1960	14	14	32059
20	KS	1960	15	15	32512
20	KS	1960	16	16	33547
20	KS	1960	17	17	33174
20	KS	1960	18	18	30220
20	KS	1960	19	19	27917
20	KS	1960	20	20	27094
20	KS	1960	>21	21	1321835
21	KY	1960	< 1	0	69797
21	KY	1960	1	1	68282
21	KY	1960	2	2	69370
21	KY	1960	3	3	67762
21	KY	1960	4	4	67285
21	KY	1960	5	5	68493
21	KY	1960	6	6	65549
21	KY	1960	7	7	65190
21	KY	1960	8	8	64435
21	KY	1960	9	9	62044
21	KY	1960	10	10	63477
21	KY	1960	11	11	64077
21	KY	1960	12	12	66292
21	KY	1960	13	13	65415
21	KY	1960	14	14	52289
21	KY	1960	15	15	53072
21	KY	1960	16	16	52418
21	KY	1960	17	17	54922
21	KY	1960	18	18	49337
21	KY	1960	19	19	43980
21	KY	1960	20	20	41026
21	KY	1960	>21	21	1763644
22	LA	1960	< 1	0	87912
22	LA	1960	1	1	85784
22	LA	1960	2	2	84291
22	LA	1960	3	3	83000
22	LA	1960	4	4	81736
22	LA	1960	5	5	83355
22	LA	1960	6	6	79370
22	LA	1960	7	7	77408
22	LA	1960	8	8	75129
22	LA	1960	9	9	72631
22	LA	1960	10	10	71108
22	LA	1960	11	11	70231
22	LA	1960	12	12	71068
22	LA	1960	13	13	69583
22	LA	1960	14	14	55386
22	LA	1960	15	15	56851
22	LA	1960	16	16	55528
22	LA	1960	17	17	54985
22	LA	1960	18	18	49264
22	LA	1960	19	19	45134
22	LA	1960	20	20	43463
22	LA	1960	>21	21	1803805
23	ME	1960	< 1	0	22096
23	ME	1960	1	1	22397
23	ME	1960	2	2	22024
23	ME	1960	3	3	21164
23	ME	1960	4	4	21032
23	ME	1960	5	5	20697
23	ME	1960	6	6	20314
23	ME	1960	7	7	19940
23	ME	1960	8	8	19203
23	ME	1960	9	9	18764
23	ME	1960	10	10	19139
23	ME	1960	11	11	19288
23	ME	1960	12	12	20300
23	ME	1960	13	13	19584
23	ME	1960	14	14	15036
23	ME	1960	15	15	15595
23	ME	1960	16	16	16464
23	ME	1960	17	17	16056
23	ME	1960	18	18	14385
23	ME	1960	19	19	12589
23	ME	1960	20	20	12343
23	ME	1960	>21	21	580855
24	MD	1960	< 1	0	73707
24	MD	1960	1	1	74658
24	MD	1960	2	2	74584
24	MD	1960	3	3	71900
24	MD	1960	4	4	71671
24	MD	1960	5	5	71031
24	MD	1960	6	6	67773
24	MD	1960	7	7	67169
24	MD	1960	8	8	64399
24	MD	1960	9	9	61239
24	MD	1960	10	10	60569
24	MD	1960	11	11	61164
24	MD	1960	12	12	63401
24	MD	1960	13	13	62190
24	MD	1960	14	14	47118
24	MD	1960	15	15	47598
24	MD	1960	16	16	47574
24	MD	1960	17	17	48324
24	MD	1960	18	18	43600
24	MD	1960	19	19	38714
24	MD	1960	20	20	37239
24	MD	1960	>21	21	1845067
25	MA	1960	< 1	0	54697
25	MA	1960	1	1	54927
25	MA	1960	2	2	54339
25	MA	1960	3	3	52837
25	MA	1960	4	4	52258
25	MA	1960	5	5	51206
25	MA	1960	6	6	49064
25	MA	1960	7	7	48683
25	MA	1960	8	8	46309
25	MA	1960	9	9	43727
25	MA	1960	10	10	43912
25	MA	1960	11	11	44873
25	MA	1960	12	12	47013
25	MA	1960	13	13	46846
25	MA	1960	14	14	35244
25	MA	1960	15	15	35745
25	MA	1960	16	16	37363
25	MA	1960	17	17	39853
25	MA	1960	18	18	36882
25	MA	1960	19	19	33595
25	MA	1960	20	20	31862
25	MA	1960	>21	21	1721108
26	MI	1960	< 1	0	191614
26	MI	1960	1	1	195548
26	MI	1960	2	2	197784
26	MI	1960	3	3	192846
26	MI	1960	4	4	191355
26	MI	1960	5	5	187510
26	MI	1960	6	6	180663
26	MI	1960	7	7	177869
26	MI	1960	8	8	172071
26	MI	1960	9	9	160986
26	MI	1960	10	10	158277
26	MI	1960	11	11	156544
26	MI	1960	12	12	158294
26	MI	1960	13	13	153264
26	MI	1960	14	14	117171
26	MI	1960	15	15	117659
26	MI	1960	16	16	123240
26	MI	1960	17	17	126028
26	MI	1960	18	18	107041
26	MI	1960	19	19	90160
26	MI	1960	20	20	86975
26	MI	1960	>21	21	4580295
27	MN	1960	< 1	0	85768
27	MN	1960	1	1	84443
27	MN	1960	2	2	83820
27	MN	1960	3	3	81235
27	MN	1960	4	4	80739
27	MN	1960	5	5	79751
27	MN	1960	6	6	77276
27	MN	1960	7	7	76843
27	MN	1960	8	8	75966
27	MN	1960	9	9	70814
27	MN	1960	10	10	69522
27	MN	1960	11	11	67487
27	MN	1960	12	12	68390
27	MN	1960	13	13	67328
27	MN	1960	14	14	51983
27	MN	1960	15	15	53084
27	MN	1960	16	16	53879
27	MN	1960	17	17	55050
27	MN	1960	18	18	47333
27	MN	1960	19	19	42006
27	MN	1960	20	20	39692
27	MN	1960	>21	21	2001455
28	MS	1960	< 1	0	57319
28	MS	1960	1	1	55762
28	MS	1960	2	2	55241
28	MS	1960	3	3	54994
28	MS	1960	4	4	55096
28	MS	1960	5	5	55482
28	MS	1960	6	6	52501
28	MS	1960	7	7	52261
28	MS	1960	8	8	50188
28	MS	1960	9	9	49569
28	MS	1960	10	10	50037
28	MS	1960	11	11	50103
28	MS	1960	12	12	50646
28	MS	1960	13	13	49469
28	MS	1960	14	14	41602
28	MS	1960	15	15	41995
28	MS	1960	16	16	41338
28	MS	1960	17	17	41073
28	MS	1960	18	18	38393
28	MS	1960	19	19	33895
28	MS	1960	20	20	30655
28	MS	1960	>21	21	1170522
29	MO	1960	< 1	0	94780
29	MO	1960	1	1	94581
29	MO	1960	2	2	93243
29	MO	1960	3	3	91840
29	MO	1960	4	4	91317
29	MO	1960	5	5	90044
29	MO	1960	6	6	86468
29	MO	1960	7	7	84686
29	MO	1960	8	8	82970
29	MO	1960	9	9	77837
29	MO	1960	10	10	77853
29	MO	1960	11	11	78047
29	MO	1960	12	12	80193
29	MO	1960	13	13	78891
29	MO	1960	14	14	62218
29	MO	1960	15	15	62657
29	MO	1960	16	16	65072
29	MO	1960	17	17	66424
29	MO	1960	18	18	60473
29	MO	1960	19	19	53696
29	MO	1960	20	20	50909
29	MO	1960	>21	21	2695614
30	MT	1960	< 1	0	16935
30	MT	1960	1	1	16704
30	MT	1960	2	2	16797
30	MT	1960	3	3	16380
30	MT	1960	4	4	16286
30	MT	1960	5	5	16233
30	MT	1960	6	6	15650
30	MT	1960	7	7	15714
30	MT	1960	8	8	15175
30	MT	1960	9	9	14276
30	MT	1960	10	10	14252
30	MT	1960	11	11	14182
30	MT	1960	12	12	14123
30	MT	1960	13	13	13662
30	MT	1960	14	14	10823
30	MT	1960	15	15	11103
30	MT	1960	16	16	10990
30	MT	1960	17	17	11123
30	MT	1960	18	18	9229
30	MT	1960	19	19	8322
30	MT	1960	20	20	8135
30	MT	1960	>21	21	388673
31	NE	1960	< 1	0	33027
31	NE	1960	1	1	32227
31	NE	1960	2	2	32106
31	NE	1960	3	3	31316
31	NE	1960	4	4	31531
31	NE	1960	5	5	30770
31	NE	1960	6	6	29864
31	NE	1960	7	7	29655
31	NE	1960	8	8	29599
31	NE	1960	9	9	27523
31	NE	1960	10	10	27007
31	NE	1960	11	11	26861
31	NE	1960	12	12	27190
31	NE	1960	13	13	26429
31	NE	1960	14	14	20720
31	NE	1960	15	15	21252
31	NE	1960	16	16	21751
31	NE	1960	17	17	21079
31	NE	1960	18	18	18899
31	NE	1960	19	19	17302
31	NE	1960	20	20	16904
31	NE	1960	>21	21	858318
32	NV	1960	< 1	0	6904
32	NV	1960	1	1	6753
32	NV	1960	2	2	6722
32	NV	1960	3	3	6424
32	NV	1960	4	4	6257
32	NV	1960	5	5	6246
32	NV	1960	6	6	5970
32	NV	1960	7	7	5768
32	NV	1960	8	8	5582
32	NV	1960	9	9	5211
32	NV	1960	10	10	5242
32	NV	1960	11	11	5374
32	NV	1960	12	12	5427
32	NV	1960	13	13	5345
32	NV	1960	14	14	4018
32	NV	1960	15	15	4149
32	NV	1960	16	16	4092
32	NV	1960	17	17	4051
32	NV	1960	18	18	3575
32	NV	1960	19	19	3329
32	NV	1960	20	20	3474
32	NV	1960	>21	21	175365
33	NH	1960	< 1	0	13483
33	NH	1960	1	1	13396
33	NH	1960	2	2	13463
33	NH	1960	3	3	13047
33	NH	1960	4	4	12731
33	NH	1960	5	5	12662
33	NH	1960	6	6	12077
33	NH	1960	7	7	12213
33	NH	1960	8	8	11845
33	NH	1960	9	9	11148
33	NH	1960	10	10	11451
33	NH	1960	11	11	11794
33	NH	1960	12	12	12434
33	NH	1960	13	13	12043
33	NH	1960	14	14	8722
33	NH	1960	15	15	8948
33	NH	1960	16	16	9360
33	NH	1960	17	17	9598
33	NH	1960	18	18	8652
33	NH	1960	19	19	7802
33	NH	1960	20	20	7327
33	NH	1960	>21	21	372725
34	NJ	1960	< 1	0	127768
34	NJ	1960	1	1	130767
34	NJ	1960	2	2	130119
34	NJ	1960	3	3	126718
34	NJ	1960	4	4	126825
34	NJ	1960	5	5	124846
34	NJ	1960	6	6	119073
34	NJ	1960	7	7	118194
34	NJ	1960	8	8	113458
34	NJ	1960	9	9	106641
34	NJ	1960	10	10	106504
34	NJ	1960	11	11	106974
34	NJ	1960	12	12	112579
34	NJ	1960	13	13	112425
34	NJ	1960	14	14	85898
34	NJ	1960	15	15	83725
34	NJ	1960	16	16	85431
34	NJ	1960	17	17	92205
34	NJ	1960	18	18	72699
34	NJ	1960	19	19	62303
34	NJ	1960	20	20	60556
34	NJ	1960	>21	21	3861074
35	NM	1960	< 1	0	28727
35	NM	1960	1	1	27397
35	NM	1960	2	2	27180
35	NM	1960	3	3	26801
35	NM	1960	4	4	26050
35	NM	1960	5	5	25553
35	NM	1960	6	6	25052
35	NM	1960	7	7	24780
35	NM	1960	8	8	23145
35	NM	1960	9	9	22234
35	NM	1960	10	10	22029
35	NM	1960	11	11	21772
35	NM	1960	12	12	22024
35	NM	1960	13	13	21087
35	NM	1960	14	14	16558
35	NM	1960	15	15	16879
35	NM	1960	16	16	16365
35	NM	1960	17	17	15578
35	NM	1960	18	18	14384
35	NM	1960	19	19	13330
35	NM	1960	20	20	13423
35	NM	1960	>21	21	500675
36	NY	1960	< 1	0	345737
36	NY	1960	1	1	345878
36	NY	1960	2	2	340903
36	NY	1960	3	3	329279
36	NY	1960	4	4	329203
36	NY	1960	5	5	322707
36	NY	1960	6	6	309774
36	NY	1960	7	7	310447
36	NY	1960	8	8	299924
36	NY	1960	9	9	288302
36	NY	1960	10	10	286241
36	NY	1960	11	11	288594
36	NY	1960	12	12	300321
36	NY	1960	13	13	297153
36	NY	1960	14	14	232608
36	NY	1960	15	15	230286
36	NY	1960	16	16	233718
36	NY	1960	17	17	245172
36	NY	1960	18	18	202649
36	NY	1960	19	19	181737
36	NY	1960	20	20	181079
36	NY	1960	>21	21	10880592
37	NC	1960	< 1	0	106624
37	NC	1960	1	1	105041
37	NC	1960	2	2	104939
37	NC	1960	3	3	104970
37	NC	1960	4	4	104892
37	NC	1960	5	5	105614
37	NC	1960	6	6	103548
37	NC	1960	7	7	103150
37	NC	1960	8	8	99823
37	NC	1960	9	9	95924
37	NC	1960	10	10	98239
37	NC	1960	11	11	99920
37	NC	1960	12	12	104197
37	NC	1960	13	13	100705
37	NC	1960	14	14	83521
37	NC	1960	15	15	83887
37	NC	1960	16	16	83884
37	NC	1960	17	17	85698
37	NC	1960	18	18	80801
37	NC	1960	19	19	73863
37	NC	1960	20	20	70031
37	NC	1960	>21	21	2556884
38	ND	1960	< 1	0	16415
38	ND	1960	1	1	16158
38	ND	1960	2	2	15830
38	ND	1960	3	3	15469
38	ND	1960	4	4	15671
38	ND	1960	5	5	15569
38	ND	1960	6	6	14991
38	ND	1960	7	7	15027
38	ND	1960	8	8	14539
38	ND	1960	9	9	13445
38	ND	1960	10	10	13494
38	ND	1960	11	11	13200
38	ND	1960	12	12	13514
38	ND	1960	13	13	13182
38	ND	1960	14	14	11181
38	ND	1960	15	15	11325
38	ND	1960	16	16	11611
38	ND	1960	17	17	11012
38	ND	1960	18	18	9401
38	ND	1960	19	19	8581
38	ND	1960	20	20	7965
38	ND	1960	>21	21	354866
39	OH	1960	< 1	0	225450
39	OH	1960	1	1	230780
39	OH	1960	2	2	233036
39	OH	1960	3	3	226679
39	OH	1960	4	4	223455
39	OH	1960	5	5	221329
39	OH	1960	6	6	210726
39	OH	1960	7	7	208590
39	OH	1960	8	8	202174
39	OH	1960	9	9	191500
39	OH	1960	10	10	191812
39	OH	1960	11	11	190023
39	OH	1960	12	12	195051
39	OH	1960	13	13	189308
39	OH	1960	14	14	138623
39	OH	1960	15	15	137526
39	OH	1960	16	16	141812
39	OH	1960	17	17	150202
39	OH	1960	18	18	131537
39	OH	1960	19	19	114944
39	OH	1960	20	20	112529
39	OH	1960	>21	21	5839311
40	OK	1960	< 1	0	49103
40	OK	1960	1	1	48254
40	OK	1960	2	2	48547
40	OK	1960	3	3	48303
40	OK	1960	4	4	48540
40	OK	1960	5	5	49046
40	OK	1960	6	6	48105
40	OK	1960	7	7	47394
40	OK	1960	8	8	45648
40	OK	1960	9	9	44306
40	OK	1960	10	10	44181
40	OK	1960	11	11	44988
40	OK	1960	12	12	46510
40	OK	1960	13	13	47065
40	OK	1960	14	14	37729
40	OK	1960	15	15	39224
40	OK	1960	16	16	39704
40	OK	1960	17	17	38491
40	OK	1960	18	18	34776
40	OK	1960	19	19	31858
40	OK	1960	20	20	30462
40	OK	1960	>21	21	1416050
41	OR	1960	< 1	0	36133
41	OR	1960	1	1	36661
41	OR	1960	2	2	37197
41	OR	1960	3	3	37396
41	OR	1960	4	4	38067
41	OR	1960	5	5	38265
41	OR	1960	6	6	38703
41	OR	1960	7	7	38723
41	OR	1960	8	8	37008
41	OR	1960	9	9	35526
41	OR	1960	10	10	35870
41	OR	1960	11	11	35222
41	OR	1960	12	12	36469
41	OR	1960	13	13	36163
41	OR	1960	14	14	27886
41	OR	1960	15	15	28146
41	OR	1960	16	16	29009
41	OR	1960	17	17	28183
41	OR	1960	18	18	23812
41	OR	1960	19	19	20981
41	OR	1960	20	20	19836
41	OR	1960	>21	21	1073431
42	PA	1960	< 1	0	235108
42	PA	1960	1	1	241393
42	PA	1960	2	2	242042
42	PA	1960	3	3	236134
42	PA	1960	4	4	233277
42	PA	1960	5	5	231643
42	PA	1960	6	6	224962
42	PA	1960	7	7	225031
42	PA	1960	8	8	216494
42	PA	1960	9	9	203627
42	PA	1960	10	10	204122
42	PA	1960	11	11	206728
42	PA	1960	12	12	217749
42	PA	1960	13	13	215425
42	PA	1960	14	14	161355
42	PA	1960	15	15	163876
42	PA	1960	16	16	173319
42	PA	1960	17	17	182751
42	PA	1960	18	18	149948
42	PA	1960	19	19	129642
42	PA	1960	20	20	124258
42	PA	1960	>21	21	7100482
44	RI	1960	< 1	0	18337
44	RI	1960	1	1	18096
44	RI	1960	2	2	18209
44	RI	1960	3	3	17635
44	RI	1960	4	4	17494
44	RI	1960	5	5	17280
44	RI	1960	6	6	16487
44	RI	1960	7	7	16281
44	RI	1960	8	8	15460
44	RI	1960	9	9	14719
44	RI	1960	10	10	14787
44	RI	1960	11	11	15113
44	RI	1960	12	12	15793
44	RI	1960	13	13	16098
44	RI	1960	14	14	12039
44	RI	1960	15	15	12021
44	RI	1960	16	16	12276
44	RI	1960	17	17	13219
44	RI	1960	18	18	12851
44	RI	1960	19	19	12840
44	RI	1960	20	20	12649
44	RI	1960	>21	21	539804
45	SC	1960	< 1	0	59658
45	SC	1960	1	1	58918
45	SC	1960	2	2	58935
45	SC	1960	3	3	58988
45	SC	1960	4	4	58414
45	SC	1960	5	5	59789
45	SC	1960	6	6	58254
45	SC	1960	7	7	57708
45	SC	1960	8	8	55733
45	SC	1960	9	9	54801
45	SC	1960	10	10	55280
45	SC	1960	11	11	54944
45	SC	1960	12	12	56466
45	SC	1960	13	13	55427
45	SC	1960	14	14	46813
45	SC	1960	15	15	46863
45	SC	1960	16	16	45785
45	SC	1960	17	17	49700
45	SC	1960	18	18	45652
45	SC	1960	19	19	40819
45	SC	1960	20	20	37396
45	SC	1960	>21	21	1266251
46	SD	1960	< 1	0	17106
46	SD	1960	1	1	16494
46	SD	1960	2	2	16702
46	SD	1960	3	3	16247
46	SD	1960	4	4	16578
46	SD	1960	5	5	16300
46	SD	1960	6	6	15816
46	SD	1960	7	7	15775
46	SD	1960	8	8	15378
46	SD	1960	9	9	14642
46	SD	1960	10	10	14633
46	SD	1960	11	11	14058
46	SD	1960	12	12	14189
46	SD	1960	13	13	13521
46	SD	1960	14	14	11043
46	SD	1960	15	15	11179
46	SD	1960	16	16	11479
46	SD	1960	17	17	11023
46	SD	1960	18	18	9717
46	SD	1960	19	19	8667
46	SD	1960	20	20	8370
46	SD	1960	>21	21	391597
47	TN	1960	< 1	0	79465
47	TN	1960	1	1	78521
47	TN	1960	2	2	78422
47	TN	1960	3	3	78799
47	TN	1960	4	4	78467
47	TN	1960	5	5	79266
47	TN	1960	6	6	76582
47	TN	1960	7	7	75214
47	TN	1960	8	8	73829
47	TN	1960	9	9	70660
47	TN	1960	10	10	72510
47	TN	1960	11	11	73726
47	TN	1960	12	12	76810
47	TN	1960	13	13	75466
47	TN	1960	14	14	60283
47	TN	1960	15	15	61475
47	TN	1960	16	16	61862
47	TN	1960	17	17	62903
47	TN	1960	18	18	59030
47	TN	1960	19	19	51687
47	TN	1960	20	20	49221
47	TN	1960	>21	21	2092891
48	TX	1960	< 1	0	236151
48	TX	1960	1	1	233303
48	TX	1960	2	2	233268
48	TX	1960	3	3	231175
48	TX	1960	4	4	228122
48	TX	1960	5	5	227708
48	TX	1960	6	6	221781
48	TX	1960	7	7	218846
48	TX	1960	8	8	207340
48	TX	1960	9	9	198836
48	TX	1960	10	10	197380
48	TX	1960	11	11	193984
48	TX	1960	12	12	196746
48	TX	1960	13	13	193307
48	TX	1960	14	14	154287
48	TX	1960	15	15	157394
48	TX	1960	16	16	156001
48	TX	1960	17	17	153027
48	TX	1960	18	18	145066
48	TX	1960	19	19	134941
48	TX	1960	20	20	126737
48	TX	1960	>21	21	5534277
49	UT	1960	< 1	0	25416
49	UT	1960	1	1	25395
49	UT	1960	2	2	25503
49	UT	1960	3	3	25192
49	UT	1960	4	4	24703
49	UT	1960	5	5	24341
49	UT	1960	6	6	23561
49	UT	1960	7	7	23231
49	UT	1960	8	8	21950
49	UT	1960	9	9	20413
49	UT	1960	10	10	20251
49	UT	1960	11	11	19803
49	UT	1960	12	12	20309
49	UT	1960	13	13	19032
49	UT	1960	14	14	15192
49	UT	1960	15	15	15609
49	UT	1960	16	16	16447
49	UT	1960	17	17	15737
49	UT	1960	18	18	14699
49	UT	1960	19	19	13724
49	UT	1960	20	20	12302
49	UT	1960	>21	21	467817
50	VT	1960	< 1	0	8980
50	VT	1960	1	1	8935
50	VT	1960	2	2	8617
50	VT	1960	3	3	8633
50	VT	1960	4	4	8715
50	VT	1960	5	5	8944
50	VT	1960	6	6	8224
50	VT	1960	7	7	8186
50	VT	1960	8	8	7984
50	VT	1960	9	9	7438
50	VT	1960	10	10	4816
50	VT	1960	11	11	7981
50	VT	1960	12	12	8099
50	VT	1960	13	13	7126
50	VT	1960	14	14	6234
50	VT	1960	15	15	6496
50	VT	1960	16	16	6506
50	VT	1960	17	17	6738
50	VT	1960	18	18	6236
50	VT	1960	19	19	5434
50	VT	1960	20	20	4919
50	VT	1960	>21	21	230645
51	VA	1960	< 1	0	92653
51	VA	1960	1	1	93130
51	VA	1960	2	2	92101
51	VA	1960	3	3	90158
51	VA	1960	4	4	90218
51	VA	1960	5	5	89516
51	VA	1960	6	6	86183
51	VA	1960	7	7	86084
51	VA	1960	8	8	81752
51	VA	1960	9	9	79053
51	VA	1960	10	10	79513
51	VA	1960	11	11	80240
51	VA	1960	12	12	83036
51	VA	1960	13	13	80839
51	VA	1960	14	14	64190
51	VA	1960	15	15	64856
51	VA	1960	16	16	64914
51	VA	1960	17	17	66246
51	VA	1960	18	18	64939
51	VA	1960	19	19	63452
51	VA	1960	20	20	60989
51	VA	1960	>21	21	2312887
53	WA	1960	< 1	0	63267
53	WA	1960	1	1	63063
53	WA	1960	2	2	63492
53	WA	1960	3	3	63253
53	WA	1960	4	4	62558
53	WA	1960	5	5	62593
53	WA	1960	6	6	61071
53	WA	1960	7	7	61959
53	WA	1960	8	8	58679
53	WA	1960	9	9	56749
53	WA	1960	10	10	57443
53	WA	1960	11	11	56487
53	WA	1960	12	12	58689
53	WA	1960	13	13	58283
53	WA	1960	14	14	44608
53	WA	1960	15	15	45347
53	WA	1960	16	16	45684
53	WA	1960	17	17	44082
53	WA	1960	18	18	38357
53	WA	1960	19	19	35105
53	WA	1960	20	20	34848
53	WA	1960	>21	21	1717597
54	WV	1960	< 1	0	38412
54	WV	1960	1	1	39431
54	WV	1960	2	2	39858
54	WV	1960	3	3	39410
54	WV	1960	4	4	39184
54	WV	1960	5	5	40207
54	WV	1960	6	6	39429
54	WV	1960	7	7	40581
54	WV	1960	8	8	40184
54	WV	1960	9	9	39475
54	WV	1960	10	10	40993
54	WV	1960	11	11	41811
54	WV	1960	12	12	43154
54	WV	1960	13	13	42877
54	WV	1960	14	14	33472
54	WV	1960	15	15	33936
54	WV	1960	16	16	34581
54	WV	1960	17	17	35350
54	WV	1960	18	18	28970
54	WV	1960	19	19	23617
54	WV	1960	20	20	22142
54	WV	1960	>21	21	1083347
55	WI	1960	< 1	0	95898
55	WI	1960	1	1	95548
55	WI	1960	2	2	94518
55	WI	1960	3	3	91949
55	WI	1960	4	4	91592
55	WI	1960	5	5	90448
55	WI	1960	6	6	87043
55	WI	1960	7	7	86448
55	WI	1960	8	8	85194
55	WI	1960	9	9	79134
55	WI	1960	10	10	79025
55	WI	1960	11	11	77076
55	WI	1960	12	12	78520
55	WI	1960	13	13	76310
55	WI	1960	14	14	60400
55	WI	1960	15	15	60221
55	WI	1960	16	16	61013
55	WI	1960	17	17	62787
55	WI	1960	18	18	53684
55	WI	1960	19	19	46172
55	WI	1960	20	20	44308
55	WI	1960	>21	21	2354489
56	WY	1960	< 1	0	8258
56	WY	1960	1	1	8141
56	WY	1960	2	2	8016
56	WY	1960	3	3	8106
56	WY	1960	4	4	8087
56	WY	1960	5	5	8042
56	WY	1960	6	6	7804
56	WY	1960	7	7	7701
56	WY	1960	8	8	7354
56	WY	1960	9	9	7019
56	WY	1960	10	10	7005
56	WY	1960	11	11	7086
56	WY	1960	12	12	7001
56	WY	1960	13	13	6580
56	WY	1960	14	14	5174
56	WY	1960	15	15	5340
56	WY	1960	16	16	5518
56	WY	1960	17	17	5324
56	WY	1960	18	18	4567
56	WY	1960	19	19	3845
56	WY	1960	20	20	3793
56	WY	1960	>21	21	190305
